938
0
5
8
16
18
28
30
32
38
43
53
58
502
71
78
86
95
97
103
109
113
118
120
128
135
138
142
144
154
156
164
172
174
176
179
185
190
193
203
209
212
220
223
227
234
243
252
262
272
278
281
291
294
302
307
310
314
323
332
337
340
347
350
353
357
365
373
377
378
379
389
395
404
414
420
427
434
436
442
445
454
455
461
469
471
474
482
488
498
61
509
519
521
530
531
535
543
548
554
564
565
568
573
578
581
584
594
599
608
615
619
623
628
630
636
641
651
653
657
667
677
678
688
695
703
1016
710
714
720
726
732
740
743
750
751
757
765
775
785
787
795
796
805
810
814
820
825
834
841
843
849
856
859
860
863
873
875
883
884
891
893
895
901
905
911
913
919
925
929
935
936
938
945
950
953
962
970
972
976
986
988
994
1003
1013
709
1019
1025
1032
1034
1043
1053
1054
1063
1065
1075
1085
1092
1094
1095
1097
1107
1115
1122
1125
1131
1136
1138
1147
1155
1161
1169
1179
1189
1198
1203
1212
1214
1221
1229
1230
1233
1242
1244
1250
1253
1257
1258
1259
1264
1271
1276
1286
1290
1295
1305
1307
1312
1317
1323
1330
1331
1337
1338
1342
1352
4363
1365
1366
1373
1383
1393
1396
1400
1405
1410
1415
1423
1432
1434
1443
1444
1449
1457
1465
1474
1483
1487
1489
1494
1503
1510
1517
1520
1529
1531
1537
1546
1554
1559
1563
1572
1579
1582
1588
1593
1602
1611
1620
1630
1632
1638
1641
1646
1653
1657
1662
1671
1680
1684
1688
1689
1696
1704
1706
1715
1716
1719
1726
1733
1743
1747
1753
1762
1764
1770
1780
1789
1797
1798
1803
1809
1819
1827
1831
1840
1844
1849
1855
1861
1864
1865
1875
1884
1888
1894
1902
1904
1907
1917
1923
1933
1939
1948
1958
1959
1965
1973
1981
1987
1995
1998
2005
2011
2013
2021
2031
2039
2044
2054
2063
2071
2075
2082
2086
2095
2097
2102
2106
2114
2116
2124
2130
2134
2142
2146
2149
2151
2159
2162
2172
2177
2187
2191
2198
2205
2211
2216
2225
2231
2232
2234
2237
2245
2253
2263
2269
2270
2274
2278
2286
2292
2297
2303
2312
2313
2320
2330
2338
2348
2355
2364
2369
2372
2378
2382
2384
2385
2391
2398
2404
2408
2418
2421
2423
2429
2434
2437
2440
2445
2449
2451
2456
2464
2468
2475
2484
2494
2500
2504
2508
2509
2515
2517
2527
2534
2537
2539
2540
2544
2554
2555
2559
2561
2571
2581
2589
2594
2600
2608
2614
2623
2633
2638
2640
2645
2655
2662
2665
2668
2672
2676
2680
2687
2692
2699
2708
2712
2716
2721
2731
2736
2740
2749
2759
2760
2768
2775
2778
2785
2794
2803
2806
2815
2821
2825
2827
2828
2833
2838
2841
2844
2851
2855
2859
2860
2863
2869
2874
2883
2893
2899
2907
2917
2925
2933
2937
2944
2947
2953
2963
2968
2972
2977
2985
2990
2991
3001
3002
3004
3005
3008
3011
3018
3024
3025
3032
3038
3047
3048
3049
3054
3055
3056
3062
3069
3075
3080
3090
3097
3102
3103
3104
3108
3110
3114
3120
3129
3134
3142
3145
3154
3161
3165
3169
3171
3172
3181
3185
3187
3192
3199
3200
3204
3209
3218
3227
3228
3233
3234
3235
3242
3251
3261
3270
3276
3285
3286
3290
3298
3306
3307
3316
3320
3327
3337
3346
3355
3364
3374
3378
3385
3387
3389
3396
3405
3407
3413
3423
3433
3440
3448
3457
3460
3465
3472
3481
3482
3492
3495
3499
4709
3509
3513
3514
3520
3522
3529
3532
3539
3542
3547
3555
3558
3563
3569
3571
3574
3576
3580
3589
3597
3600
3607
3610
3619
3623
3627
3632
3637
3644
3654
3663
3665
3668
3673
3681
3689
3699
3703
3708
3713
3715
3721
3726
3733
3735
3739
3745
3748
3751
3756
3766
3771
3781
3785
3786
3790
3798
3802
3807
3809
3816
3818
3823
3827
3836
3842
3846
3850
3852
3856
3866
3876
3880
3883
3893
3894
3903
3912
3916
3919
3927
3932
3937
3945
3950
3955
3965
3975
3984
3985
3988
3990
3991
4000
4007
4013
4017
4023
4031
4036
4045
4054
4061
4069
4079
4087
4093
4097
4101
4103
4113
4115
4120
4126
4136
4142
4144
4146
4154
4161
4167
4175
4179
4185
4191
4193
4198
4204
4213
4220
4225
4234
4237
4241
4246
4254
4256
4261
4265
4275
4277
4282
4289
4291
4294
4296
4300
4307
4310
4316
4325
4326
4330
4335
4340
4342
4350
4353
1355
4366
4372
4379
4383
4393
4399
4405
4406
4413
4416
4424
4434
4435
4443
4447
4453
4454
4457
4464
4468
4474
4477
4479
4483
4487
4493
4503
4509
4512
4518
4524
4530
4536
4543
4545
4553
4556
4566
4567
4569
4572
4579
4585
4593
4596
4603
4607
4609
4615
4623
4630
4635
4638
4640
4644
4647
4652
4660
4669
4674
4679
4685
4686
4693
4699
4702
4708
3508
4715
4716
4720
4729
4739
4749
4756
4757
4758
4763
4768
4776
4778
4782
4787
4793
4795
4799
4808
4811
4817
4822
4830
4832
4840
4848
4849
4853
4855
4865
4868
4874
4881
4884
4885
4895
4902
4908
4909
4910
4919
4927
4935
4945
4946
4951
4954
4961
4968
4972
4973
4978
4986
4990
4992
4997
5007
5016
5021
5029
5037
5038
5045
5055
5061
5062
5072
5078
5085
5090
5099
5107
5115
5124
5134
5137
5141
5149
5159
5163
5168
5171
5179
5186
5195
5197
5206
5212
5220
5225
