950
645
7181
5635
5268
1786
5634
1687
4548
9363
753
6549
193
2777
241
8020
4877
3313
8160
7049
2681
8785
8103
1300
8897
6546
3398
7782
6094
5194
758
6919
9139
4866
1154
3355
7616
1806
3157
1652
1488
6002
1646
8442
8824
8224
2181
6181
460
3488
7318
7016
8671
1505
2876
3796
494
601
2613
2590
2309
7650
2401
2770
4208
7110
5592
5371
4060
2693
6713
5200
3331
4874
7205
8172
8910
7285
9119
8517
4719
6643
1469
2216
362
6346
3829
1461
2067
8345
9330
7509
6195
7425
1188
1025
9404
6772
783
3375
8503
8787
2282
5012
7371
3822
4461
3999
3747
4084
5990
7756
6787
7550
5808
2398
4081
3198
5409
6032
4785
2540
6862
7099
907
67
6570
8009
8996
6495
741
8105
8342
7749
7079
9270
643
1799
7272
1261
5325
8838
9087
6656
4284
5015
4581
9438
2377
2344
2264
748
1957
8738
5143
6855
57
2120
7151
3690
200
8178
2556
398
854
2760
434
375
5089
5379
9386
128
8924
4025
4361
4233
6538
631
6938
1768
7029
6272
7139
639
8837
2694
2071
1077
8203
7257
3475
4975
8022
1295
4667
7473
3751
3907
828
9197
1506
1236
9356
3617
9118
8889
48
810
4922
5405
9463
6958
4030
2105
3238
5681
16
5352
2461
7475
1440
7614
1678
7658
1611
3757
5684
1761
7780
7430
6484
473
2152
6356
5925
882
7127
2011
1551
7781
8502
7102
2712
5470
6948
6626
786
7849
6303
8574
7123
4675
2053
6284
1597
1
6185
5959
8682
6691
5022
3740
6564
2831
8410
6453
8963
7703
3856
8940
9225
789
2637
5106
7746
7717
6278
686
9161
2615
9489
7351
2229
1641
2141
8916
7410
3588
3988
6403
0
4069
5451
7007
6256
6047
5794
7241
5979
180
1836
7172
8698
2599
6579
7662
3229
6752
114
5836
3672
3996
2871
2428
1944
1298
1856
9407
4332
3891
3967
6304
8019
4583
5738
8651
6706
2609
8275
1365
5189
2430
1900
3729
8723
7955
4951
4210
5875
687
2949
3931
8646
7180
8765
5171
1911
886
4262
9333
9149
1663
7355
7622
6594
6245
6501
1905
9228
6818
1086
6654
3239
5616
9094
6014
1514
5030
2783
9086
4396
1954
2818
8706
989
7763
4166
920
5923
8461
966
4453
1369
681
9028
7918
2138
4979
1995
2513
5525
7559
1751
2262
6017
1159
81
1456
2629
4869
7572
3644
3056
1415
5023
4537
6035
6850
4970
6170
3095
6215
7954
6115
883
1605
764
5376
9171
2591
7212
1965
216
5123
9328
7147
2691
5070
6942
6113
2903
320
6510
8282
2767
3234
5323
6809
5154
6108
7188
4947
4272
675
5344
2835
4485
1896
5722
6044
3190
5918
6951
208
111
440
2
8427
6429
3959
8394
3149
6704
7644
3114
4447
1338
7794
1803
1993
5968
7194
1612
8484
2155
7598
8156
2542
6552
4360
4091
3308
7884
4999
8705
6069
5167
2997
4458
5075
7664
3258
2929
8803
6353
117
8428
5965
5419
27
855
8289
1107
2517
2359
5346
7323
5242
8883
4291
357
1513
5455
8043
2655
3707
9070
2017
1051
559
4430
6221
165
2167
8209
1582
2911
7315
8985
8581
3148
9068
7810
6900
5337
8557
7399
302
5689
8768
84
9346
4227
5130
8596
8183
5144
6954
8992
5785
392
7870
1194
2550
6124
2079
7125
4003
8257
7611
3618
8154
8003
7143
1620
1508
701
5656
2974
5042
8396
7610
3820
413
2338
4097
7053
6857
3942
9306
2680
5919
4115
8483
8352
2953
6438
617
3946
7625
4136
1471
1800
6780
7562
6055
6230
212
3373
8766
637
1451
3772
537
1545
2168
8547
6010
5581
9061
8794
863
3630
6990
2140
6171
4530
7210
1600
5575
3205
9216
422
1360
3191
3273
7761
6233
4535
3912
5927
6338
3107
651
5826
1164
9175
9263
2825
2791
569
4021
3889
8243
2175
1002
8088
2561
49
4258
8430
1391
6639
8091
7001
1337
8899
4681
7213
7411
3505
4417
373
1703
6196
6416
4191
8264
8881
4643
2890
1970
6927
3407
8938
8288
2209
3064
1226
2873
2525
1919
449
3319
6095
5039
6277
2276
7888
435
8085
2405
2973
2128
100
6839
5198
7828
4981
489
7109
1240
211
7153
3533
2030
5998
3055
384
7584
6702
1450
2179
739
4269
424
8551
2107
3474
8750
5961
2385
3977
145
8334
3173
6710
1798
2531
5225
3982
217
4531
9097
161
7227
5289
8543
6925
5898
1629
4534
4844
1716
2731
5398
3759
9043
4274
2975
4492
8791
5731
8409
8590
2207
4711
9425
3006
1637
4197
1791
4571
7474
3324
2938
3419
9241
6978
9258
8848
567
7784
4992
1434
8407
3010
236
1387
1428
6378
6775
9290
8784
6123
6410
3695
2893
4858
4954
8114
3199
7019
7863
4039
7680
8062
4599
4677
8252
5210
2020
1942
8234
9441
6808
1319
2376
2605
5045
2177
6085
3777
644
1346
2937
9007
6441
5679
2232
7971
4232
735
1594
5884
8811
4327
3443
8111
8238
7605
9357
1289
3837
8072
6676
1635
8265
7223
2985
683
7833
8859
133
7994
1588
8096
4433
8104
2676
4832
488
7045
42
1121
3472
5393
1580
7267
7010
7344
4111
272
2225
3638
3372
5176
5887
8314
5142
6396
8652
1242
8994
3873
2213
8998
7759
1518
112
1042
8696
8490
9339
9188
4256
1048
2754
6924
1779
1731
610
6086
12
2913
7923
3468
8295
8839
8618
1732
3184
1916
1831
4180
7265
978
5469
8521
609
7381
1918
8445
9144
4783
946
7699
1049
861
9307
8063
5285
7236
8251
7333
361
7222
1504
6521
5905
9421
4655
2657
6932
1557
1310
299
3245
8291
421
929
4280
1755
4560
4510
1153
3166
376
1161
6382
6015
