955
5225
5222
5219
5210
5206
5199
5197
5191
5186
5182
5180
5173
5165
5158
5152
5150
5149
5146
5145
5136
5132
5125
5115
5114
5110
5109
5104
5095
5090
5085
5081
5079
5069
5063
5062
5054
5046
5039
5038
5036
5030
5020
5012
5009
5001
4998
4991
4983
4978
4968
4966
4962
4960
4959
4952
4950
4945
4937
4933
4924
4922
4916
4907
4902
4898
4888
4883
4877
4867
4857
4851
4850
4846
4844
4841
4831
4827
4824
4819
4814
4806
4797
4787
4777
4767
4762
4761
4757
4749
4741
4733
4730
4724
4722
4719
4714
4709
4707
4699
4698
4689
4688
4684
4677
4674
4672
4669
4662
4654
4645
4637
4631
4621
4619
4612
4610
4608
4607
4597
4591
4585
4580
4573
4567
4563
4559
4555
4554
4547
4538
4530
4526
4524
4522
4521
4512
4507
4505
4504
4495
4486
4477
4469
4464
4459
4457
4456
4455
4451
4450
4442
4435
4428
4418
4411
4406
4405
4395
4394
4393
4392
4387
4379
4371
4366
4357
4350
4342
4332
4325
4317
4313
4312
4311
4307
4297
4295
4286
4276
4266
4265
4263
4256
4254
4253
4244
4240
4235
4234
4230
4223
4220
4211
4204
4198
4189
4185
4177
4176
4167
4161
4160
4152
4150
4146
4136
4131
4126
4121
4120
4118
4112
4103
4099
4092
4085
4083
4081
4079
4077
4069
4062
4058
4054
4052
4048
4041
4035
4033
4025
4018
4016
4013
4007
4003
3994
3990
3983
3974
3970
3967
3963
3960
3959
3956
3953
3943
3933
3929
3920
3910
3904
3899
3897
3891
3884
3875
3869
3867
3866
3859
3852
3851
3841
3836
3829
3828
3818
3809
3803
3795
3788
3779
3776
3769
3765
3761
3756
3748
3738
3734
3730
3725
3723
3713
3707
3706
3703
3700
3697
3693
3689
3680
3675
3668
3663
3661
3654
3652
3643
3638
3635
3629
3619
3609
3600
3593
3583
3580
3574
3566
3556
3555
3549
3542
3532
3528
3526
3520
3512
3502
3495
3490
3480
3474
3470
3467
3463
3454
3448
3438
3434
3427
3425
3424
3419
3409
3405
3397
3394
3392
3386
3381
3373
3364
3362
3361
3358
3352
3348
3342
3334
3330
3328
3325
3322
3320
3317
3310
3302
3293
3285
3279
3277
3267
3260
3254
3251
3245
3243
3237
3229
3223
3219
3215
3208
3198
3191
3190
3181
3177
3175
3174
3168
3160
3153
3147
3139
3131
3127
3123
3118
3116
3110
3107
3103
3102
3092
3082
3077
3075
3070
3064
3058
3053
3049
3041
3036
3033
3027
3018
3015
3009
3001
2993
2992
2986
2982
2976
2966
2964
2955
2945
2935
2928
2921
2917
2909
2906
2903
2901
2892
2882
2873
2869
2868
2861
2855
2851
2842
2837
2835
2832
2826
2818
2813
2812
2804
2803
2798
2792
2788
2787
2782
2777
2773
2772
2764
2761
2759
2756
2746
2745
2744
2738
2729
2723
2721
2714
2704
2696
2687
2680
2673
2666
2662
2656
2654
2650
2641
2635
2630
2622
2617
2609
2600
2596
2595
2587
2578
2577
2571
2563
2553
2546
2539
2533
2530
2529
2527
2519
2516
2513
2512
2506
2503
2499
2498
2493
2487
2478
2472
2462
2452
2447
2441
2438
2433
2424
2415
2406
2399
2391
2386
2383
2376
2366
2357
2351
2343
2341
2333
2325
2323
2321
2320
2315
2309
2304
2295
2285
2282
2281
2279
2278
2275
2268
2258
2249
2248
2245
2244
2239
2233
2231
2221
2214
2210
2205
2203
2196
2187
2179
2173
2164
2161
2154
2148
2143
2138
2133
2127
2117
2110
2107
2106
2098
2095
2085
2083
2075
2072
2063
2054
2050
2041
2039
2029
2024
2017
2012
2007
2000
1998
1994
1990
1988
1978
1968
1966
1960
1955
1950
1942
1939
1931
1921
1913
1912
1907
1897
1895
1894
1887
1883
1880
1879
1878
1872
1867
1864
1860
1857
1851
1846
1836
1835
1828
1821
1817
1807
1805
1795
1792
1785
1784
1782
1774
1771
1761
1751
1750
1740
1738
1730
1728
1724
1721
1714
1712
1711
1705
1700
1693
1692
1685
1679
1678
1673
1671
1662
1655
1654
1645
1639
1633
1629
1626
1623
1620
1613
1608
1606
1596
1591
1586
1584
1582
1572
1565
1562
1558
1550
1541
1534
1532
1529
1521
1520
1515
1508
1498
1493
1487
1486
1483
1476
1470
1468
1461
1455
1450
1447
1443
1440
1439
1430
1421
1413
1405
1396
1391
1384
1381
1378
1374
1369
1364
1355
1350
1343
1340
1339
1334
1325
1321
1318
1310
1303
1299
1289
1287
1281
1278
1273
1268
1258
1257
1250
1247
1238
1230
1221
1214
1206
1198
1189
1188
1185
1181
1173
1167
1164
1161
1156
1152
1142
1134
1132
1123
1121
1116
1115
1108
1104
1095
1089
1080
1076
1073
1070
1062
1059
1054
1051
1042
1033
1030
1021
1013
1004
997
989
985
981
975
965
959
949
942
939
938
933
927
917
908
903
896
895
892
889
881
879
877
868
860
854
849
846
836
829
822
818
814
810
809
802
796
787
782
778
773
763
758
755
750
746
739
736
729
723
717
713
709
705
701
698
689
682
677
671
662
660
654
649
647
644
635
629
628
620
613
612
610
609
604
596
595
587
586
578
571
567
560
553
545
543
542
536
526
523
522
518
512
502
492
484
480
474
467
463
453
444
437
429
419
416
413
412
410
402
399
397
396
395
385
377
367
359
353
346
343
333
325
316
311
310
304
301
296
292
286
285
275
269
264
256
247
239
238
229
221
212
203
199
196
195
185
177
170
160
151
142
141
132
125
116
107
103
96
89
86
76
69
65
58
54
47
45
37
29
19
13
4
0
