963
0
5
8
17
20
23
28
29
31
35
44
52
56
66
74
77
81
83
90
95
101
109
116
124
125
126
136
139
141
150
154
163
166
173
178
185
190
191
195
205
210
220
228
238
244
245
251
256
261
269
270
273
277
279
288
297
300
309
318
327
336
345
346
348
358
362
365
375
381
384
387
391
393
399
401
411
419
429
430
431
432
437
445
454
461
469
474
475
482
487
495
498
506
511
517
521
530
532
541
543
546
556
561
565
566
572
580
589
592
596
602
606
616
621
627
629
630
637
639
641
643
644
646
649
652
655
661
670
679
687
696
700
705
712
722
723
726
731
736
740
746
755
761
771
772
778
786
791
798
801
802
805
815
820
829
833
842
850
852
860
870
880
886
889
893
899
906
911
920
925
931
933
943
951
953
955
962
970
972
979
981
987
992
997
1002
1003
1012
1013
1016
1019
1025
1030
1036
1043
1047
1051
1061
1069
1078
1082
1091
1100
1110
1120
1125
1126
1130
1138
1142
1151
1156
1157
1164
1165
1172
1174
1176
1185
1192
1196
1198
1208
1214
1215
1219
1220
1227
1231
1237
1242
1247
1253
1260
1262
1270
1273
1274
1277
1285
1290
1299
1308
1317
1323
1329
1335
1338
1347
1356
1357
1365
1372
1376
1379
1387
1393
1402
1411
1413
1414
1422
1423
1433
1436
1446
1448
1455
1463
1465
1473
1478
1480
1483
1492
1497
1499
1502
1510
1519
1522
1531
1534
1538
1542
1552
1553
1554
1556
1566
1570
1573
1582
1591
1597
1606
1614
1621
1631
1640
1642
1649
1656
1662
1672
1678
1685
1691
1695
1699
1707
1713
1719
1726
1736
1745
1753
1761
1768
1772
1779
1781
1788
1789
1792
1796
1801
1802
1809
1813
1822
1830
1834
1843
1844
1854
1858
1866
1874
1877
1881
1888
1892
1893
1896
1903
1906
1911
1917
1918
1920
1927
1934
1940
1946
1954
1955
1958
1965
1969
1977
1980
1987
1990
1996
2003
2010
2014
2016
2021
2026
2034
2042
2049
2055
2064
2066
2074
2075
2084
2089
2095
2097
2103
2108
2114
2118
2126
2128
2131
2138
2148
2150
2160
2165
2175
2177
2181
2184
2188
2191
2197
2207
2211
2213
2218
2227
2235
2239
2245
2250
2252
2255
2257
2258
2261
2262
2269
2277
2282
2287
2295
2298
2304
2313
2323
2326
2333
2338
2348
2358
2361
2367
2374
2383
2386
2393
2401
2409
2416
2426
2434
2435
2436
2446
2447
2454
2463
2464
2473
2483
2484
2488
2494
2497
2500
2510
2515
2518
2528
2534
2536
2541
2547
2553
2555
2561
2562
2563
2564
2573
2583
2587
2591
2600
2602
2609
2615
2620
2622
2625
2635
2645
2648
2650
2658
2660
2669
2677
2683
2690
2700
2701
2707
2711
2719
2729
2732
2741
2745
2752
2761
2766
2773
2774
2781
2782
2785
2787
2792
2799
2804
2811
2819
2824
2833
2839
2841
2844
2848
2853
2855
2863
2864
2866
2867
2876
2883
2892
2902
2906
2909
2910
2918
2923
2925
2935
2942
2945
2955
2956
2957
2967
2973
2975
2976
2985
2987
2993
3002
3007
3013
3021
3027
3034
3036
3044
3046
3054
3062
3066
3071
3072
3078
3088
3094
3096
3099
3103
3112
3116
3120
3129
3137
3145
3152
3155
3163
3165
3172
3175
3178
3187
3194
3200
3204
3205
3211
3221
3226
3227
3229
3235
3241
3251
3259
3261
3269
3273
3283
3287
3290
3296
3297
3303
3306
3307
3313
3317
3319
3324
3328
3330
3336
3344
3348
3357
3364
3373
3377
3385
3392
3397
3400
3403
3406
3412
3414
3417
3424
3434
3435
3445
3453
3461
3464
3470
3479
3482
3483
3489
3493
3500
3502
3507
3515
3516
3520
3522
3531
3532
3535
3543
3553
3557
3565
3573
3576
3580
3587
3591
3601
3608
3613
3623
3628
3635
3645
3650
3651
3655
3659
3667
3677
3687
3690
3692
3702
3705
3707
3709
3712
3715
3722
3725
3735
3739
3746
3752
3757
3766
3770
3771
3776
3779
3783
3793
3801
3811
3812
3818
3828
3829
3831
3841
3842
3845
3851
3852
3857
3861
3868
3869
3872
3876
3885
3893
3902
3912
3916
3925
3927
3930
3934
3943
3947
3949
3959
3963
3966
3973
3974
3983
3986
3992
4000
4010
4013
4023
4025
4026
4031
4039
4042
4043
4046
4051
4060
4064
4068
4073
4078
4088
4090
4099
4101
4103
4109
4111
4118
4121
4125
4130
4135
4137
4145
4155
4158
4160
4169
4175
4176
4177
4183
4186
4188
4191
4192
4200
4206
4212
4222
4231
4236
4239
4248
4249
4259
4264
4270
4278
4280
4283
4292
4299
4302
4308
4316
4320
4326
4327
4332
4338
4345
4349
4354
4357
4359
4367
4377
4385
4392
4399
4407
4411
4418
4427
4434
4436
4437
4438
4439
4449
4450
4454
4456
4457
4461
4467
4472
4482
4488
4491
4499
4504
4512
4515
4516
4526
4533
4542
4545
4554
4561
4569
4573
4581
4589
4595
4601
4607
4612
4614
4621
4627
4633
4634
4642
4647
4652
4659
4669
4671
4679
4681
4682
4692
4698
4699
4708
4717
4721
4728
4736
4746
4751
4756
4761
4771
4772
4776
4786
4791
4795
4797
4804
4811
4819
4820
4824
4825
4830
4835
4837
4844
4850
4854
4857
4866
4875
4877
4884
4887
4889
4891
4897
4900
4907
4914
4922
4932
4937
4944
4952
4955
4964
4967
4977
4983
4989
4997
4999
5001
5009
5014
5018
5022
5030
5036
5039
5049
5057
5059
5067
5072
5075
5078
5088
5090
5098
5101
5103
5111
5121
5131
5133
5142
5144
5149
5159
5164
5171
5176
5184
5193
5197
5201
5207
5211
5212
5218
5220
5224
5228
