939
0
8
11
20
27
28
36
38
47
55
59
63
73
78
82
88
94
98
103
112
118
123
127
134
140
147
155
161
164
174
175
185
187
196
206
212
213
220
228
237
241
246
252
256
265
273
282
288
292
299
306
307
316
324
334
342
345
351
357
360
364
371
379
382
390
396
406
410
420
430
439
446
449
453
457
458
459
465
470
478
480
485
488
489
495
505
515
519
528
533
539
549
551
557
562
564
571
575
577
584
587
593
601
609
617
620
629
633
637
641
650
652
654
655
664
674
683
692
695
698
699
704
709
713
718
723
724
734
741
749
751
759
765
774
776
782
783
784
790
798
807
813
822
828
832
836
844
851
855
859
869
871
881
882
892
895
896
901
903
913
914
920
924
931
935
941
948
949
954
960
965
974
978
986
996
1005
1007
1015
1016
1021
1029
1037
1038
1042
1052
1062
1069
1071
1080
1085
1090
1097
1100
1108
1110
1120
1122
1124
1131
1134
1135
1140
1142
1152
1154
1156
1164
1171
1180
1188
1190
1198
1200
1210
1211
1213
1215
1218
1221
1231
1238
1244
1251
1261
1269
1276
1286
1294
1302
1303
1308
1314
1318
1322
1332
1334
1344
1349
1355
1363
1373
1376
1383
1390
1398
1405
1409
1417
1423
1433
1441
1442
1443
1451
1461
1463
1473
1483
1487
1493
1498
1501
1506
1511
1519
1526
1534
1540
1550
1553
1559
1561
1567
1568
1577
1585
1590
1600
1609
1610
1619
1625
1633
1641
1642
1643
1649
1654
1657
1658
1665
1672
1675
1681
1685
1693
1702
1712
1717
1722
1732
1740
1743
1753
1763
1771
1780
1783
1790
1792
1802
1808
1811
1812
1814
1820
1824
1830
1839
1842
1845
1847
1857
1867
1877
1885
1888
1898
1902
1907
1915
1924
1931
1938
1939
1947
1953
1963
1969
1979
1988
1998
1999
2004
2012
2017
2024
2031
2033
2041
2048
2053
2063
2066
2071
2081
2085
2086
2095
2101
2111
2114
2118
2125
2135
2142
2145
2148
2150
2155
2164
2174
2184
2193
2202
2210
2219
2228
2232
2235
2243
2247
2256
2264
2273
2277
2285
2286
2294
2304
2307
2315
2319
2328
2329
2336
2337
2345
2355
2363
2371
2372
2378
2388
2390
2392
2397
2407
2412
2421
2422
2425
2433
2435
2439
2449
2459
2466
2467
2470
2472
2475
2482
2484
2486
2492
2499
2503
2510
2517
2526
2527
2530
2539
2542
2548
2553
2563
2565
2566
2573
2578
2583
2588
2589
2597
2603
2606
2612
0
1
9
17
21
31
34
36
45
53
57
64
65
71
75
78
81
82
90
99
102
109
112
118
122
131
132
138
146
155
165
174
181
182
186
192
198
207
213
222
229
232
241
242
243
246
255
256
264
266
271
278
288
298
304
309
311
318
319
328
329
337
338
346
347
352
353
363
373
382
386
392
396
405
406
413
423
427
430
438
442
452
454
459
466
470
473
483
487
494
501
509
519
521
528
529
530
532
539
542
549
551
560
563
564
566
575
580
585
588
595
597
598
604
610
612
617
627
633
635
643
644
646
647
657
665
671
675
680
685
689
690
694
700
707
712
717
720
727
729
734
741
749
755
756
758
763
764
771
777
781
785
790
794
801
808
814
821
826
833
834
842
844
847
856
861
863
866
870
880
883
887
890
899
908
911
915
916
923
928
929
934
941
944
946
947
956
963
964
972
975
976
982
985
987
992
1002
1010
1015
1024
1030
1040
1047
1049
1056
1057
1061
1062
1063
1067
1071
1073
1079
1084
1090
1095
1097
1098
1102
1109
1115
1120
1130
1135
1140
1142
1152
1157
1163
1171
1177
1181
1183
1185
1192
1200
1202
1210
1214
1223
1232
1240
1246
1254
1262
1268
1274
1276
1278
1281
1282
1289
1291
1294
1303
1305
1306
1310
1315
1324
1326
1332
1335
1344
1350
1354
1355
1363
1367
1372
1376
1385
1389
1393
1400
1403
1404
1411
1415
1422
1428
1434
1435
1442
1448
1450
1460
1470
1476
1485
1492
1502
1509
1510
1514
1516
1522
1527
1533
1534
1541
1550
1552
1558
1560
1565
1572
1582
1592
1599
1608
1609
1619
1622
1632
1634
1638
1645
1654
1659
1667
1670
1678
1684
1692
1694
1704
1708
1715
1724
1729
1734
1742
1744
1751
1761
1770
1775
1782
1785
1792
1802
1805
1807
1817
1819
1823
1826
1830
1837
1838
1841
1845
1850
1855
1859
1866
1871
1878
1882
1890
1895
1905
1908
1912
1921
1927
1931
1939
1940
1949
1957
1965
1972
1977
1984
1993
1996
1998
2000
2004
2005
2011
2021
2029
2035
2040
2047
2057
2065
2071
2078
2085
2090
2093
2095
2102
2104
2109
2117
2118
2119
2123
2131
2135
2137
2144
2152
2160
2168
2170
2175
2183
2188
2190
2197
2207
2210
2212
2213
2216
2224
2229
2233
2243
2245
2250
2254
2263
2272
2277
2283
2292
2296
2297
2307
2310
2318
2326
2328
2329
2339
2340
2346
2352
2354
2359
2363
2370
2373
2382
2389
2392
2402
2412
2421
2429
2430
2435
2442
2447
2448
2458
2464
2467
2475
2479
2483
2489
2494
2501
2505
2513
2516
2523
2532
2541
2549
2550
2558
2566
2569
2579
2581
2585
2593
2596
2602
2608
2618
